.Random.seed <-
c(403L, 6L, 725413947L, 1743305177L, -39698584L, 1002058390L, 
807574545L, 194604483L, -294743598L, 443111524L, 460568487L, 
101767421L, -1878790924L, 642911194L, -511189211L, 1136600639L, 
822128070L, 1515194960L, 1780614771L, 1798212241L, -1051602240L, 
-541313890L, 43595881L, -729754469L, 1474989482L, -2070094388L, 
-913682289L, -403648315L, 846151804L, 154918098L, 1609741389L, 
-99252985L, 994486510L, 303491528L, 1711402699L, -1223696599L, 
1959356280L, 1974942886L, 1018343105L, -1103886509L, -789584894L, 
1192010036L, -1383257417L, 234755757L, 1751168964L, -1483784214L, 
-1568710571L, -2072666641L, 179799542L, 738812704L, -1357267741L, 
1792326017L, -2022756368L, 1221938830L, -2146872839L, -1208788085L, 
365246394L, -1862248772L, -221753857L, 2013244245L, -973652884L, 
-681133886L, 1093954333L, 519135639L, -584238850L, -1989399880L, 
1417991323L, 366301945L, 1013257288L, -1602341002L, -485264719L, 
1789854435L, 1316807090L, 1006055940L, 228034887L, -1921018851L, 
-1358894444L, 1115750970L, 1419742341L, 1102745951L, 1220149734L, 
326971504L, 579400595L, -749579215L, -1335313696L, -1952302210L, 
1709748745L, -1337599429L, 1183712266L, 1368472556L, 567414895L, 
52752293L, -807127204L, -280470734L, -1486896595L, -1360047897L, 
1012834830L, -411222040L, -1798938133L, 2070237833L, 1917954584L, 
-2114911930L, -826773599L, 394682931L, 1646124962L, -1851909484L, 
-142921449L, -21721331L, 1559758372L, 751169034L, 1972123509L, 
1174119119L, 1231812054L, 2093390208L, -458632765L, 437397345L, 
-1872249392L, 927223086L, -78095143L, 877106923L, 340775770L, 
105252124L, 1643598879L, 2034800757L, -1467374324L, -808367902L, 
-1040137795L, 2076231223L, 233331934L, -943020008L, 1643886459L, 
-1374742759L, -1278112856L, 1381374806L, -85056559L, -377583741L, 
180408850L, 895182244L, -1039793817L, -1570779459L, -1007970764L, 
1458613658L, -1401972251L, 551609727L, 1728711942L, 1741125264L, 
976453427L, 55295185L, -1982855552L, 1570959198L, 1783663785L, 
-1535336613L, -2046552726L, -1863157748L, -2095148977L, -602789627L, 
-1654013508L, -952023918L, 530964365L, -1064736825L, 2144009390L, 
826699016L, -1679095029L, -1312266775L, -1140616520L, -1272744602L, 
-1357591039L, -317384557L, -1557003454L, -784196364L, -935171849L, 
1506877677L, -337853564L, 1168186794L, 1838523157L, 1959821743L, 
-598507082L, 1012504544L, -1390094557L, -746821567L, 1164485424L, 
-239081138L, 2052144057L, 24776139L, 192880250L, -186379396L, 
-1171129409L, 998188181L, -1567552852L, -1787533182L, 2033125469L, 
-622256297L, -37871042L, -1233222024L, -1229757093L, -1717607239L, 
1970883848L, -421359690L, 487994609L, -783248605L, -687807118L, 
-1914585148L, 959409031L, 241850717L, -2133657772L, 47132026L, 
-100239163L, -1720161761L, 2026102182L, 352096048L, -54229549L, 
1070781425L, 2102093088L, 1344123838L, -978125879L, 1845156731L, 
2008500554L, -1108245076L, 852463791L, 1867532901L, -1904930276L, 
1230367858L, -1258065171L, -925982937L, -800941234L, 1913934760L, 
-1582508117L, -1259600695L, 323974360L, -28082720L, 237055682L, 
1855967272L, 2038570668L, -1537314628L, 1087059442L, 553270576L, 
1808164004L, -1370332488L, 1526798682L, 650105232L, 1255247740L, 
1866254612L, 49966914L, -1162072320L, 144761788L, -476906672L, 
648433442L, 370804040L, -1607694836L, -384573348L, -299058990L, 
-1489414656L, -805086892L, 848430568L, -1357249542L, -815551280L, 
630765868L, -1208051980L, -194284142L, -1673715616L, 1181177100L, 
-1654177056L, -1315584670L, -1698297176L, 555905612L, -1161425540L, 
-393346766L, 575429744L, 924377924L, 2123200984L, 765516922L, 
-1234936272L, -115793220L, 1082067796L, -782942142L, -402687584L, 
199272124L, 1825121744L, 166964578L, 1767497704L, 775868364L, 
2020162300L, -670040590L, -1527516032L, -926244620L, 1200628360L, 
3703610L, 1929875280L, -1831366036L, -1601906540L, 1479405906L, 
1184589536L, -626348340L, -492203872L, 1986815874L, -571492632L, 
-840499476L, 1965785148L, 1979371122L, -1461879696L, 1159074340L, 
-40411080L, -1398605798L, 1054508752L, 539692092L, -1082215276L, 
1752766594L, -121622592L, 1923631420L, -739852656L, -1066686430L, 
976148488L, -1029661556L, -42351588L, -1371331950L, -2124939136L, 
1782907924L, -1997246168L, 1151334970L, 1348789456L, -1528947604L, 
1308860084L, -559409134L, -1243033632L, -801563700L, 1447302624L, 
1704442402L, -1381571288L, -618685172L, 486291004L, 171428082L, 
-1935153424L, -1524641980L, 1473267288L, -1100142022L, -451629328L, 
1865332924L, -2129319404L, 1422060738L, -779850656L, 1348902268L, 
482453712L, 882859042L, 2025723560L, 700869516L, 1384236476L, 
336655410L, -174108864L, 1784767668L, -2049351864L, 307888826L, 
2064674576L, -1682967316L, 1310669908L, 1678499602L, -873468000L, 
-501468212L, -160724128L, -769907518L, 570727976L, 303357356L, 
57187132L, -114874510L, -701792464L, 674825764L, 827956280L, 
-1597982502L, 1946103184L, 1970625276L, 1113219988L, 1131335490L, 
-1522838016L, 1307713084L, -1996864944L, 1755721378L, 16362312L, 
733417996L, -1718404900L, -1140491694L, 810186880L, -2101206188L, 
2057485800L, -435446022L, 1217280848L, -1948791764L, -2070525580L, 
-1325570414L, -729207200L, 221218444L, 1873344352L, -718376222L, 
930881704L, -480101172L, 263447036L, -691226702L, 275536368L, 
-357771836L, 1993626456L, 195821434L, 1535296944L, 1023733180L, 
-1900721068L, 169779138L, 1683871520L, 1322791868L, 1604922960L, 
-1151718942L, -973421208L, -2049587892L, -1441080068L, 1820357362L, 
-617518336L, -1077985676L, 91044872L, 1214466490L, 937716688L, 
-478296596L, -1864642668L, -643359022L, 2042194528L, -1147890356L, 
891605280L, -1331104126L, -1973819928L, -915100692L, -1686951364L, 
-1142077838L, 2099362672L, -2056079068L, -1143850440L, 1339931034L, 
246046160L, 314076604L, 1568679060L, -562216830L, -316574272L, 
126629692L, 661375120L, 1506892578L, -2082893304L, 70713612L, 
1598843292L, 1671424530L, -1253302400L, -1763552492L, -1136301784L, 
355921978L, 1633989584L, 542230124L, 1419543092L, -1213495662L, 
917695840L, 1364672844L, 254530528L, -1975541342L, -32824920L, 
-1866585366L, -273831137L, 1124975529L, -588085954L, -706384852L, 
-1239766403L, 660096199L, -443883088L, -529036338L, -391816965L, 
8429405L, -1247363958L, 1070754472L, -1965591023L, -185776381L, 
-1865211388L, -980325838L, -818832761L, 2069888721L, 860751958L, 
-1814710220L, 1285430085L, -42088049L, 1838604552L, 556006182L, 
2018849747L, -559487691L, -1255029614L, -1935770528L, 1316657609L, 
-574918405L, -1003581748L, -845831334L, 1630684751L, -2145098983L, 
-931701458L, -1592457412L, 2017641645L, 600504151L, -725656928L, 
340825086L, -1240071477L, -1158884147L, 594720762L, 613968952L, 
2091367905L, -937122157L, -831372108L, 2087316930L, -1845477929L, 
762380833L, -1292652058L, 28805348L, 1500551189L, -403576769L, 
824682456L, 1034881526L, -596047357L, 511515973L, 2105026914L, 
-341097776L, -82657799L, 897643819L, 1690547868L, -2047126326L, 
-1697743425L, -757767927L, 303563294L, 342708172L, -490615395L, 
-1704130521L, -577620400L, -933485842L, 1565862811L, 1362516477L, 
-32326422L, -2143701112L, -78626511L, -2018590301L, -1208871516L, 
-1018632110L, 363219879L, 1756827633L, 378190646L, -1599002668L, 
108797285L, -877448849L, -763188312L, -31211258L, -1823530957L, 
468981397L, 745680626L, 1939390272L, 273104041L, -1900568293L, 
439891692L, 1341975290L, -2119331025L, -2138981575L, 1145642318L, 
243162012L, -1935830771L, -926141577L, 1706010496L, 1137292766L, 
2060339883L, -378739283L, -1784473062L, -2064884520L, -1487789759L, 
-967640589L, -1687220204L, 1679398306L, -802286921L, 647691393L, 
-1655550842L, 57747652L, -898824715L, -1680568225L, -1084429640L, 
-1132538986L, -1318870621L, 1342440805L, 831616130L, 1032895984L, 
-400077927L, -470676085L, 1031915644L, -1816520022L, 873960671L, 
1060594281L, -1985142658L, 916027500L, 1050771645L, -802180729L, 
-297900688L, 833380366L, 121093435L, 1472848413L, -75057462L, 
1454416360L, -1271105839L, -1662680381L, -369366588L, -114278798L, 
